356.046125 587.555416 
393.498025 343.523743 
545.195960 619.451665 
583.368051 374.559861 
356.049843 587.556528 
393.499093 343.524023 
545.191280 619.460117 
583.365092 374.553857 
356.048208 587.553654 
393.492369 343.512811 
545.192046 619.441643 
583.372407 374.555674 
356.043820 587.558763 
393.492834 343.523750 
545.203967 619.460612 
583.373658 374.561452 
356.044519 587.559558 
393.495810 343.521075 
545.188480 619.458944 
583.372094 374.557229 
356.039882 587.559113 
393.478832 343.520995 
545.200864 619.470841 
583.359000 374.551409 
356.045861 587.559746 
393.490938 343.524229 
545.195488 619.472336 
583.368224 374.561633 
356.047924 587.562379 
393.499064 343.523596 
545.201658 619.470784 
583.371975 374.567732 
356.070202 587.581931 
393.509071 343.550191 
545.250154 619.518978 
583.380840 374.598961 
356.034519 587.564096 
393.499728 343.525096 
545.201111 619.470110 
583.358580 374.572475 
356.029693 587.558218 
393.498177 343.524049 
545.195052 619.438610 
583.358769 374.560231 
356.049228 587.550790 
393.503343 343.516650 
545.188161 619.449855 
583.374350 374.557670 
356.046301 587.556942 
393.501152 343.521375 
545.189807 619.461878 
583.353780 374.545911 
356.046740 587.554259 
393.499330 343.519167 
545.196524 619.448924 
583.378919 374.548293 
356.052319 587.555501 
393.508189 343.524738 
545.207536 619.466425 
583.367033 374.556129 
356.046810 587.552367 
393.499148 343.519044 
545.202853 619.451764 
583.375234 374.552362 
